#numbers
59.683
56.574
61.095
49.331
46.814
18.723
26.759
28.793
9.186
12.811
13.85
3.864
58.275
59.752
64.459
50.442
52.6
26.287
35.876
34.936
13.94
20.722
21.616
5.802
60.816
59.944
63.407
45.273
45.798
22.928
26.975
25.452
12.403
14.554
13.986
6.039
61.108
61.602
63.968
48.415
52.064
16.672
30.833
31.983
8.398
17.151
19.009
4.617
61.241
61.801
67.762
51.899
52.698
24.252
29.313
32.599
12.118
16.209
18.707
5.521
0.349
0.571
0.236
0.358
0.374
0.685
0.566
0.308
0.42
0.462
0.689
0.602
0.285
0.5
0.508


